12, 15, 20, 23, 28, 29, 30, 35, 36, 40, 44, 47, 50, 51, 54, 66, 75, 79, 80, 81, 89, 93, 98,

101, 102, 107, 110, 111, 113, 127, 129, 133, 134, 141, 146, 149, 159, 175, 187, 188, 193, 194,

204, 205, 206, 214, 223, 224, 227, 231, 251, 254, 255, 260, 263, 266, 268, 269, 275, 281, 283, 285, 288, 293, 294, 295,

301, 302, 310, 331, 333, 335, 340, 346, 354, 357, 368, 375,

406, 407, 413, 414, 433, 434, 435, 436, 438, 441, 442, 443, 446, 451, 465, 467, 478, 484, 487,

500, 511, 513, 517, 519, 520, 522, 531, 537, 543, 550, 554, 559, 561, 593,

620, 622, 624, 626, 627, 633, 634, 635, 639, 641, 645, 646, 658, 662.