17,
20,
23,
25,
28,
34,
36,
53,
59,
67,
71,
80,
93,
104,
109,
123,
128,
129,
140,
145,
153,
159,
162,
171,
181,
184,
186,
190,
193,
207,
213,
215,
217,
228,
243,
244,
248,
250,
251,
255,
260,
263,
275,
276,
284,
286,
293,
296,
300,
302,
303,
304,
315,
316,
319,
323,
330,
333,
338,
340,
342,
355,
371,
377,
379,
383,
390,
395,
402,
404,
406,
407,
411,
413,
416,
418,
420,
423,
434,
435,
441,
443,
453,
458,
460,
463,
465,
468,
469,
478,
479,
486,
490,
494,
496,
497,
499,
525,
530,
531,
540,
542,
547,
548,
549,
551,
553,
556,
560,
561,
570,
578,
579,
587,
593,
598,
601,
610,
617,
619,
620,
621,
622,
623,
633,
638,
640,
644,
648,
650,
651,
653,
666