0, 2, 7,
13, 17, 18, 24, 30, 32, 52, 53, 86, 88, 91, 92,
105, 112, 119, 126, 128, 130, 154, 161, 163, 171, 181, 183, 186, 191, 193, 196, 198, 199,

201, 213, 215, 217, 222, 244, 252, 255, 256, 257, 279, 280, 290, 292, 295, 297, 298,

300, 311, 312, 316, 318, 332, 341, 351, 356, 359, 361, 379, 382, 391, 393, 394, 398,

400, 420, 422, 432, 452, 459, 464, 467, 469, 474, 475, 483, 498, 499,

500, 504, 510, 514, 517, 529, 530, 536, 542, 549, 552, 554, 555, 565, 569, 570, 592, 598,

600, 602, 620, 623, 632, 634, 652, 660, 670, 674, 680